0130714001100000
0130714002700000
0130714007900000
0130714012600000
0130714039100000
0130714007800000
0130714009600000
0130714000900000
0130714003000000
0130714001400000
0130714000500000
0130714018600000
0130714000200000
0130714017800000
0130714000300000
0130714000100000
0130714024400000
0130714001200000
0130714000400000
0130714000600000
0130714000700000
0130714000800000
0130714001000000
0130714001300000
0130714001500000
0130714001600000
0130714001700000
0130714001800000
0130714001900000
0130714002000000
0130714002100000
0130714002200000
0130714002300000
0130714002400000
0130714002500000
0130714002600000
0130714002800000
0130714002900000
0130714003100000
0130714003200000
0130714003300000
0130714003400000
0130714003500000
0130714003600000
0130714003700000
0130714003800000
0130714003900000
0130714004000000
0130714004100000
0130714004200000
0130714004300000
0130714004400000
0130714004500000
0130714004600000
0130714004700000
0130714004800000
0130714004900000
0130714005000000
0130714005100000
0130714005200000
0130714005300000
0130714005400000
0130714005500000
0130714005600000
0130714005700000
0130714005800000
0130714005900000
0130714006000000
0130714006100000
0130714006200000
0130714006300000
0130714006400000
0130714006500000
0130714006600000
0130714006700000
0130714006800000
0130714006900000
0130714007000000
0130714007100000
0130714007200000
0130714007300000
0130714007400000
0130714007500000
0130714007600000
0130714007700000
0130714008000000
0130714008100000
0130714008200000
0130714008300000
0130714008400000
0130714008500000
0130714008600000
0130714008700000
0130714008800000
0130714008900000
0130714009000000
0130714009100000
0130714009200000
0130714009300000
0130714009400000
0130714009500000
0130714009700000
0130714009800000
0130714009900000
0130714010000000
0130714010100000
0130714010200000
0130714010300000
0130714010400000
0130714010500000
0130714010600000
0130714010700000
0130714010800000
0130714010900000
0130714011000000
0130714011100000
0130714011200000
0130714011300000
0130714011400000
0130714011500000
0130714011600000
0130714011700000
0130714011800000
0130714011900000
0130714012000000
0130714012100000
0130714012200000
0130714012300000
0130714012400000
0130714012500000
0130714012700000
0130714012800000
0130714012900000
0130714013000000
0130714013100000
0130714013200000
0130714013300000
0130714013400000
0130714013500000
0130714013600000
0130714013700000
0130714013800000
0130714013900000
0130714014000000
0130714014100000
0130714014200000
0130714014300000
0130714014400000
0130714014500000
0130714014600000
0130714014700000
0130714014800000
0130714014900000
0130714015000000
0130714015100000
0130714015200000
0130714015300000
0130714015400000
0130714015500000
0130714015600000
0130714015700000
0130714015800000
0130714015900000
0130714016000000
0130714016100000
0130714016200000
0130714016300000
0130714016400000
0130714016500000
0130714016600000
0130714016700000
0130714016800000
0130714016900000
0130714017000000
0130714017100000
0130714017200000
0130714017300000
0130714017400000
0130714017500000
0130714017600000
0130714017700000
0130714017900000
0130714018000000
0130714018100000
0130714018200000
0130714018300000
0130714018400000
0130714018500000
0130714018700000
0130714018800000
0130714018900000
0130714019000000
0130714019100000
0130714019200000
0130714019300000
0130714019400000
0130714019500000
0130714019600000
0130714019700000
0130714019800000
0130714019900000
0130714020000000
0130714020200000
0130714020300000
0130714020400000
0130714020500000
0130714020600000
0130714020700000
0130714020800000
0130714020900000
0130714021000000
0130714021100000
0130714021200000
0130714021300000
0130714021400000
0130714021500000
0130714021600000
0130714021700000
0130714021800000
0130714021900000
0130714022000000
0130714022100000
0130714022200000
0130714022300000
0130714022400000
0130714022500000
0130714022600000
0130714022700000
0130714022800000
0130714022900000
0130714023000000
0130714023100000
0130714023200000
0130714023300000
0130714023400000
0130714023500000
0130714023600000
0130714023700000
0130714023800000
0130714023900000
0130714024000000
0130714024100000
0130714024200000
0130714024300000
0130714024500000
0130714024600000
0130714024700000
0130714024800000
0130714024900000
0130714025000000
0130714025100000
0130714025200000
0130714025300000
0130714025400000
0130714025500000
0130714025600000
0130714025700000
0130714025800000
0130714025900000
0130714026000000
0130714026100000
0130714026200000
0130714026300000
0130714026400000
0130714026500000
0130714026600000
0130714026700000
0130714026800000
0130714026900000
0130714027000000
0130714027100000
0130714027200000
0130714027300000
0130714027400000
0130714027500000
0130714027600000
0130714027700000
0130714027800000
0130714027900000
0130714028000000
0130714028100000
0130714028200000
0130714028300000
0130714028400000
0130714028500000
0130714028600000
0130714028700000
0130714028800000
0130714028900000
0130714029000000
0130714029100000
0130714029200000
0130714029300000
0130714029400000
0130714029500000
0130714029600000
0130714029700000
0130714029800000
0130714029900000
0130714030000000
0130714030100000
0130714030200000
0130714030300000
0130714030400000
0130714030500000
0130714030600000
0130714030700000
0130714030800000
0130714030900000
0130714031000000
0130714031100000
0130714031200000
0130714031300000
0130714031400000
0130714031500000
0130714031600000
0130714031700000
0130714031800000
0130714031900000
0130714032000000
0130714032100000
0130714032200000
0130714032300000
0130714032400000
0130714032500000
0130714032600000
0130714032700000
0130714032800000
0130714032900000
0130714033000000
0130714033100000
0130714033200000
0130714033300000
0130714033400000
0130714033500000
0130714033600000
0130714033700000
0130714033800000
0130714033900000
0130714034000000
0130714034100000
0130714034200000
0130714034300000
0130714034400000
0130714034500000
0130714034600000
0130714034700000
0130714034800000
0130714034900000
0130714035000000
0130714035100000
0130714035200000
0130714035300000
0130714035400000
0130714035500000
0130714035600000
0130714035700000
0130714035800000
0130714035900000
0130714036000000
0130714036100000
0130714036200000
0130714036300000
0130714036400000
0130714036500000
0130714036600000
0130714036700000
0130714036800000
0130714036900000
0130714037000000
0130714037100000
0130714037200000
0130714037300000
0130714037400000
0130714037500000
0130714037600000
0130714037700000
0130714037800000
0130714037900000
0130714038000000
0130714038100000
0130714038200000
0130714038300000
0130714038400000
0130714038500000
0130714038600000
0130714038700000
0130714038800000
0130714038900000
0130714039000000
0130714039200000
0130714039300000
0130714039400000
0130714039500000
0130714039600000
0130714039700000
0130714039800000
0130714039900000
0130714040000000
0130714040100000
0130714040200000
0130714040300000
0130714040400000
0130714040500000
0130714040600000
0130714040700000
0130714040800000
0130714040900000
0130714041000000
0130714041100000
0130714041200000
0130714041300000
0130714041400000
0130714041500000
0130714041600000
0130714041700000
0130714041800000
0130714041900000
0130714042000000
0130714042100000
0130714042200000
0130714042300000
0130714042400000
0130714042500000
0130714042600000
0130714042700000
0130714042800000
0130714042900000
0130714043000000
0130714043100000
0130714043200000
0130714043300000
0130714043400000
0130714043500000
0130714043600000
0130714043700000
0130714043800000
0130714043900000
0130714044000000
0130714044100000
0130714044200000
0130714044300000
0130714044400000
0130714044500000
0130714044600000
0130714044700000
0130714044800000
0130714044900000
0130714045000000
0130714045100000
0130714045200000
0130714045300000
0130714045400000
0130714045500000
0130714045600000
0130714045700000
0130714045800000
0130714045900000
0130714046000000
0130714046100000
0130714046200000
0130714046300000
0130714046400000
0130714046500000
0130714046600000
0130714046700000
0130714046800000
0130714046900000
0130714047000000
0130714047100000
0130714047200000
0130714047300000
0130714047400000
0130714047500000
0130714047600000
0130714047700000
0130714047800000
0130714047900000
0130714048000000
0130714048100000
0130714048200000
0130714048300000
0130714048400000
0130714048500000
0130714048600000
0130714048700000
0130714048800000
0130714048900000
0130714049000000
0130714049100000
0130714049200000
0130714049300000
0130714049400000
0130714049500000
0130714049600000
0130714049700000
0130714049800000
0130714049900000
0130714050000000
0130714050100000
0130714050200000
0130714050300000
0130714050400000
0130714050500000
0130714050600000
0130714050700000
0130714050800000
0130714050900000
0130714051000000
0130714051100000
0130714051200000
0130714051300000
0130714051400000
0130714051500000
0130714051600000
0130714051700000
0130714051800000
0130714051900000
0130714052000000
0130714052100000
0130714052200000
0130714052300000
0130714052400000
0130714052500000
0130714052600000
0130714052700000
0130714052800000
0130714052900000
0130714053000000
0130714053100000
0130714053200000
0130714053300000
0130714053400000
0130714053500000
0130714053600000
0130714053700000
0130714053800000
0130714053900000
0130714054000000
0130714054100000
0130714054200000
0130714054300000
0130714054400000
0130714054500000
0130714054600000
0130714054700000
0130714054800000
0130714054900000
0130714055000000
0130714055100000
0130714055200000
0130714055300000
0130714055400000
0130714055500000
0130714055600000
0130714055700000
0130714055800000
0130714055900000
0130714056000000
0130714056100000
0130714056200000
0130714056300000
0130714056400000
0130714056500000
0130714056600000
0130714056700000
0130714056800000
0130714056900000
0130714057000000
0130714057100000
0130714057200000
0130714057300000
0130714057400000
0130714057500000
0130714057600000
0130714057700000
0130714057800000
0130714057900000
0130714058000000
0130714058100000
0130714058200000
0130714058300000
0130714058400000
0130714058500000
0130714058600000
0130714058700000
0130714058800000
0130714058900000
0130714059000000
0130714059100000
0130714059200000
0130714059300000
0130714059400000
0130714059500000
0130714059600000
0130714059700000
0130714059800000
0130714059900000
0130714060000000
0130714060100000
0130714060200000
0130714060300000
0130714060400000
0130714060500000
0130714060600000
0130714060700000
0130714060800000
0130714060900000
0130714061000000
0130714061100000
0130714061200000
0130714061300000
0130714061400000
0130714061500000
0130714061600000
0130714061700000
0130714061800000
0130714061900000
0130714062000000
0130714062100000
0130714062200000
0130714062300000
0130714062400000
0130714062500000
0130714062600000
0130714062700000
0130714062800000
0130714062900000
0130714063000000
0130714063100000
0130714063200000
0130714063300000
0130714063400000
0130714063500000
0130714063600000
0130714063700000
0130714063800000
0130714063900000
0130714064000000
0130714064100000
0130714064200000
0130714064300000
0130714064400000
0130714064500000
0130714064600000
0130714064700000
0130714064800000
0130714064900000
0130714065000000
0130714065100000
0130714065200000
0130714065300000
0130714065400000
0130714065500000
0130714065600000
0130714065700000
0130714065800000
0130714065900000
0130714066000000
0130714066100000
0130714066200000
0130714066300000
0130714066400000
0130714066500000
0130714066600000
0130714066700000
0130714066800000
0130714066900000
0130714067000000
0130714067100000
0130714067200000
0130714067300000
0130714067400000
0130714067500000
0130714067600000
0130714067700000
0130714067800000
0130714067900000
0130714068000000
0130714068100000
0130714068200000
0130714068300000
0130714068400000
0130714068500000
0130714068600000
0130714068700000
0130714068800000
0130714068900000
0130714069000000
0130714069100000
0130714069200000
0130714069300000
0130714069400000
0130714069500000
0130714069600000
0130714069700000
0130714069800000
0130714069900000
0130714070000000
0130714070100000
0130714070200000
0130714071400000
0130714070400000
0130714070500000
0130714070600000
0130714070700000
0130714070800000
0130714070900000
0130714071000000
0130714071100000
0130714071200000
0130714071400000
0130714071400000
0130714071500000
0130714071600000
0130714071700000
0130714071800000
0130714071900000
0130714072000000
0130714072100000
0130714072200000
0130714072300000
0130714072400000
0130714072500000
0130714072600000
0130714072700000
0130714072800000
0130714072900000
0130714073000000
0130714073100000
0130714073200000
0130714073300000
0130714073400000
0130714073500000
0130714073600000
0130714073700000
0130714073800000
0130714073900000
0130714074000000
0130714074100000
0130714074200000
0130714074300000
0130714074400000
0130714074500000
0130714074600000
0130714074700000
0130714074800000
0130714074900000
0130714075000000
0130714075100000
0130714075200000
0130714075300000
0130714075400000
0130714075500000
0130714075600000
0130714075700000
0130714075800000
0130714075900000
0130714076000000
0130714076100000
0130714076200000
0130714076300000
0130714076400000
0130714076500000
0130714076600000
0130714076700000
0130714076800000
0130714076900000
0130714077000000
0130714077100000
0130714077200000
0130714077300000
0130714077400000
0130714077500000
0130714077600000
0130714077700000
0130714077800000
0130714077900000
0130714078000000
0130714078100000
0130714078200000
0130714078300000
0130714078400000
0130714078500000
0130714078600000
0130714078700000
0130714078800000
0130714078900000
0130714079000000
0130714079100000
0130714079200000
0130714079300000
0130714079400000
0130714079500000
0130714079600000
0130714079700000
0130714079800000
0130714079900000
0130714080000000
0130714080100000