0130733016900000
0130733022400000
0130733034000000
0130733035600000
0130733035700000
0130733035800000
0130733035900000
0130733042500000
0130733042600000
0130733045100000
0130733045200000
0130733046100000
0130733046200000
0130733046700000
0130733046800000
0130733046900000
0130733047000000
0130733047100000
0130733047200000
0130733047300000
0130733048100000
0130733048300000
0130733048900000
0130733049000000
0130733049500000
0130733049600000
0130733049700000
0130733049800000
0130733049900000
0130733051400000
0130733051800000
0130733051900000
0130733052000000
0130733052500000
0130733052600000
0130733052800000
0130733052900000
0130733053000000
0130733053200000
0130733053500000
0130733053900000
0130733054100000
0130733054200000
0130733054300000
0130733054400000
0130733055500000
0130733055600000
0130733055700000
0130733055800000
0130733055900000
0130733056000000
0130733056100000
0130733056200000
0130733056300000
0130733056400000
0130733056500000
0130733057300000
0130733058500000
0130733059100000
0130733059200000
0130733059300000
0130733059400000
0130733059500000
0130733059600000
0130733059700000
0130733060300000
0130733060400000
0130733060500000
0130733060600000
0130733060700000
0130733060800000
0130733060900000
0130733061000000
0130733061100000
0130733061200000
0130733061300000
0130733061400000
0130733061500000
0130733061600000
0130733061700000
0130733061800000
0130733061900000
0130733062000000
0130733062200000
0130733062300000
0130733062400000
0130733062500000
0130733062600000
0130733062800000
0130733062900000
0130733063000000
0130733063100000
0130733063500000
0130733063600000
0130733063700000
0130733063800000
0130733063900000
0130733064500000
0130733064600000
0130733064800000
0130733064900000
0130733065000000
0130733065100000
0130733065200000
0130733065300000
0130733065400000
0130733065500000
0130733065800000
0130733066000000
0130733066100000
0130733066200000
0130733066300000
0130733066400000
0130733066500000
0130733066700000
0130733066800000
0130733067000000
0130733067100000
0130733080100000
